PID,Sale_Price
908276150,111919.4
903451090,148976.9
527110080,185786.9
535457010,137851.8
903484020,137839.4
905479110,124931.1
527452310,131556.6
528228445,191127.9
923225370,94933.1
528344040,352993.2
532377050,146280.2
535176050,146183.2
906340100,325353.0
533212050,164750.7
909428180,200458.1
535379110,137440.2
534250400,182617.8
527450520,98482.1
527452150,138640.9
903225040,134890.9
911370410,291254.3
905226080,150387.3
914467050,213070.0
908152260,154988.0
534451170,86853.4
923228310,89753.7
910201180,155786.0
534476100,139689.0
923225080,119761.6
906223210,241635.2
905480150,79301.1
903452090,117661.0
527208010,330447.2
906426090,185709.5
903231090,134780.3
535152280,147347.2
528458180,217791.0
532354060,129256.1
909279040,97621.8
527353060,251012.3
916176030,148602.9
533110130,275033.1
911370450,375057.3
528118110,293712.0
528228270,172426.1
905480240,74681.4
914460020,214853.0
534428060,147546.4
534252240,160646.5
908102050,108378.0
914475030,160919.4
533221040,180002.9
535451170,90157.5
905451340,114440.4
528118040,427065.7
903200080,228179.3
527162110,195306.9
535381040,149437.5
528174020,200843.1
534400290,173218.4
903206070,151292.2
533252130,217958.7
906382030,229506.6
535327200,133327.1
535455080,105480.3
527354160,177316.2
902207120,89177.0
909282060,199532.3
902109140,124694.3
902206270,136996.4
533250050,240344.5
909452050,226136.0
527212060,349537.5
906394060,194325.0
534401120,163377.9
528435010,235933.8
528315080,272613.2
909275030,146864.3
528102010,379875.2
907200290,159687.5
902300260,131918.8
528150110,389026.9
535450100,125076.2
907285010,236393.4
533253210,166029.3
527301280,173871.4
905478140,142459.0
902204080,80025.8
907201280,138395.1
905476170,86049.7
923228210,80068.3
534226120,129079.1
527301170,214913.4
535453040,134649.0
535150300,261972.1
528363020,331826.3
907265100,214643.8
910200060,134465.8
532376160,136748.2
908204180,78055.8
909282130,146258.3
528326110,290901.5
534176230,148041.9
527302210,221150.5
526355170,247472.3
535305180,134552.2
905452150,137732.0
902201090,136024.6
527452190,127541.7
908275280,135038.3
527402210,138793.2
921126010,312515.8
905109130,328110.9
535425070,157636.2
905200290,165351.7
533253060,154986.3
535179050,145998.2
903476100,86386.3
533135020,214906.2
527403120,100392.3
528429080,264006.1
528354100,279501.8
902427150,110963.3
527226040,175533.4
924100060,173101.4
531452180,195541.1
907252050,214695.0
903236200,113085.8
910201130,116936.7
909100080,104026.3
535402010,189759.2
528186100,321522.7
905225020,204555.7
905201110,183754.4
527158090,159985.5
528175010,203479.8
902401010,109029.1
534251320,166862.8
902109120,121053.3
528290170,192666.8
534252060,139516.6
905475510,114043.1
527425060,97012.2
534201130,125356.7
526302110,127726.9
903430050,117030.0
902110130,107921.4
534401110,140983.4
528231020,184185.2
531479020,72017.2
905403060,109269.0
916326010,213444.0
527365030,220672.2
528228295,223637.0
527455250,128614.5
916403040,174089.6
527252090,277406.6
908225240,113028.3
528228285,164289.8
908178050,228967.3
916326040,169962.3
916380060,275623.4
903204010,108049.7
528144020,220304.0
906204230,219030.6
528168030,301905.2
531369060,191676.9
535451100,120954.0
906380010,200083.6
527450460,103377.3
534277070,122793.6
532353050,139429.8
527105140,225158.2
908102330,118904.1
907135230,159026.0
908250030,81980.6
902103090,111471.9
528458120,263188.6
535425060,176455.1
527404100,125090.7
905475160,125396.0
902100010,110643.2
534202020,132282.8
533251110,257227.0
528435050,284156.5
914476130,152014.4
924100050,139793.1
909428280,297128.6
906230020,267246.0
923230180,128602.1
907420090,193460.5
534250010,146967.7
532353020,110125.2
906380180,198324.0
531363020,132947.7
906230010,269423.0
923225300,90004.1
527252050,277147.1
923225440,85019.1
907280090,211110.8
527183030,190064.7
535402220,183825.2
532376250,122709.3
914474020,208715.4
907275090,226899.4
528138030,354879.8
908154195,185066.1
527402240,152981.8
903228150,132032.7
531451020,192825.8
909275250,152376.2
903484080,50013.7
534202170,142950.5
906225180,196435.3
916460110,203383.9
528174010,194588.8
528228360,199525.1
903233140,113856.1
535153150,160434.3
533212020,149636.2
909428170,235938.7
534129060,213159.8
527163080,158503.3
908275290,124962.3
903201020,127783.6
528431110,296397.2
903454060,54828.1
903206120,184182.4
527131110,253409.8
906203120,272695.8
908102140,130668.0
527107210,205698.9
923204140,147346.4
527427200,200954.6
528186170,219568.5
906226070,118912.7
527357110,140625.8
534278170,139064.6
534427090,102158.6
905451390,155773.8
534152120,167932.6
535179120,115992.7
528435060,251532.8
534427140,147225.2
903429110,140934.9
535105110,152030.8
528366070,262586.4
534129040,218229.1
535454070,124833.4
903429080,155008.6
906226090,140089.4
534479130,142000.4
527451290,92218.3
527106150,200861.7
916253320,208031.4
916455010,203981.6
907201220,139978.9
908188150,170554.8
527325090,191981.0
906402070,254082.3
909101010,110405.8
528221100,168035.4
528480170,264641.8
906475110,193224.9
903228080,131035.4
528228575,264535.6
907227080,123007.0
905109170,238146.4
528228545,167288.4
534275010,132361.6
903425340,113436.7
902128160,125677.8
533215040,227781.6
911202100,84821.4
528456230,210187.9
535353160,138068.4
902100030,87249.2
528174070,205161.0
528445070,247732.3
902105060,119532.6
909101140,141633.6
532354160,120415.9
528138060,213845.3
527107090,177888.6
904100090,165617.3
528458130,324802.7
535477130,169405.6
533223010,176968.8
528108140,412415.1
907202130,151223.7
527131030,259132.4
527453010,155356.4
907280170,210038.4
528172030,290877.1
905480210,107957.7
902402010,138342.8
528228555,176400.1
902404010,140421.6
907253110,230481.4
906204150,262099.8
910201050,133949.8
528174030,197185.5
532476050,259544.5
907265030,243394.6
902109160,122291.3
903231240,87970.9
902103150,122681.5
528174040,197572.5
916125425,211240.3
531478010,112838.5
916403250,213524.0
923252080,126268.7
534175140,140470.6
902201120,106927.6
534276190,106971.8
906392090,286946.5
916402015,184998.2
905103110,122961.4
907203090,110021.7
903205085,143973.4
528110080,350642.3
903225140,124046.7
903458110,89513.0
535325350,133645.4
528439010,246866.3
535355100,112971.6
905100060,130023.9
903231080,112053.6
902300110,117360.1
527451460,107965.8
535475010,150898.9
528174050,194914.2
527450250,99933.6
905351089,193450.5
535175050,141240.2
923226270,91069.2
908226120,98767.8
531375130,161025.8
905401020,255080.0
527356050,152023.4
534478140,118493.3
531375120,155173.8
908201100,79136.7
535383060,59869.6
534250370,265676.1
528116010,344667.6
921126030,298612.2
531375100,167010.2
535150210,139504.6
535327160,117032.3
528228440,191809.3
528120170,280213.6
527325110,180949.7
528108010,269609.4
909251170,137503.5
528250020,194714.9
527105060,195731.6
534426110,124639.3
534201250,170682.9
907200170,132303.4
908102170,142834.0
535126100,152242.0
533251130,209040.5
532354090,141813.3
905427070,211268.5
528250010,166247.1
905101490,138993.9
527107010,173134.0
534204120,147887.8
528480100,189910.2
535376010,98651.3
908102260,152963.3
534104100,204863.6
909250220,134989.9
923252075,139571.5
528480040,260019.4
903206160,167372.0
527106050,165080.7
910226060,139054.1
902207080,125606.9
535376100,115775.6
535450160,91253.8
908186070,140113.7
528385050,259977.0
903200050,99997.7
903232030,89462.3
527163100,187935.3
907255020,259455.6
528488120,186218.5
527328050,159712.4
907192090,226887.7
907135170,150166.9
905201090,168020.3
905107240,180038.8
907126030,158059.2
902128150,145022.8
527132090,239831.2
534402060,157231.1
531477040,140774.1
903430060,123644.2
907254050,211520.7
902110080,134559.9
534451130,95473.4
528363110,376198.2
903430040,112889.8
902306120,127347.8
528290060,151004.7
907202220,123824.5
907192120,225502.4
924100040,212320.4
527368010,218041.0
1007100110,104640.9
902405100,158437.9
527216050,437810.3
527378140,142293.2
528228430,208973.7
526353030,253119.3
528429110,253163.4
916455120,227910.7
535353130,121719.3
910205130,151988.6
535477090,136767.6
907251100,254357.2
527146135,317552.4
902328100,159362.2
535180120,132898.0
528315090,329624.2
532353030,146084.2
533130160,298023.0
531382070,254138.5
909455060,152536.6
909452114,207183.0
909276200,159979.7
527451540,99433.3
527455080,137955.7
528228550,160529.3
903236130,200010.3
527453070,137495.5
535454030,79679.1
907131060,171893.5
535425010,231855.2
534176250,140086.1
923203090,175514.3
923400040,159362.2
535452120,152463.9
908128100,209887.6
905402090,160712.8
907290180,144081.5
527210060,364890.0
534200030,105623.5
535377150,102657.4
902206020,77317.2
532477040,249107.6
535301160,128718.9
908226130,81459.6
909101180,134929.6
914478020,128950.6
914476010,167836.6
534430050,123960.9
907275140,310699.2
527357020,170173.3
910203290,118353.4
528480180,263364.6
916455150,316731.2
911104060,62333.9
906380140,156054.3
535101020,158666.8
535125070,250658.5
909101100,138670.0
908128060,198452.0
535477150,109531.0
905477010,96962.5
907202050,144174.5
535454100,133366.7
535457040,125273.5
528315030,322200.1
533236040,174000.8
907420080,189062.6
535478010,130663.3
906420130,244940.7
534128100,157070.0
528429050,236407.0
528275080,201162.1
903426180,121960.5
534430080,145519.0
534400030,144624.6
534475100,126325.9
527108090,237408.8
910202050,71521.4
535378020,99587.9
528235130,188588.3
907290070,163585.1
909129100,129324.2
906223080,219062.7
906425045,138584.2
905452120,128733.2
906226100,113252.8
527162130,189077.4
528222020,171012.0
908229020,87029.2
531363050,142354.5
528482090,303952.3
903231060,55378.7
923227080,160087.2
914476430,170904.1
528178090,387260.0
534178010,133782.8
528431020,254904.1
531384070,191751.0
911370530,300139.4
905401100,201851.0
909175080,59979.5
528386040,408721.6
533215030,214783.7
527302080,242162.6
526301100,214989.0
906477110,145860.3
528142020,261643.7
903430070,62592.6
527256120,450298.0
905451330,165293.5
528354060,269767.5
923229110,151022.7
528222090,173589.8
907290040,212877.0
534451050,121520.5
908152270,160651.2
526302030,149951.6
535382150,91019.1
535180020,153014.0
907401080,218208.3
902302150,90045.4
535325320,115075.2
903233050,137467.8
916403020,192603.4
905107320,150516.3
528186130,373417.4
907181120,194899.0
907275030,230676.2
903456110,192673.2
906380110,232587.6
909425010,214786.0
914453045,349024.5
906394040,224596.0
904100100,202284.0
903233180,127477.9
905200350,146730.6
902205090,113881.3
528235170,221326.7
535151100,134098.5
528292040,180915.5
906203140,269273.2
910205020,78005.4
533250130,239638.4
903225160,106906.5
907295040,226396.8
528110100,455890.2
532376110,129066.4
528290140,173284.9
535401140,160082.4
905226050,168999.4
534478230,147010.3
535451190,108390.7
905476160,113276.9
907290140,143459.8
909277100,163406.6
904101070,223573.9
534427040,148801.8
528240020,207218.2
916455050,190923.8
903232090,162798.9
903226130,113166.7
528250070,210997.5
528218080,161326.6
528431080,227626.3
528431120,262855.2
528228375,226511.4
906385020,186909.9
908103320,127548.9
527105050,187385.4
534275170,138754.7
907202190,135064.7
534128190,233043.4
923227030,151579.8
905426100,170890.0
906201022,190171.5
905103140,155150.9
909251040,146449.6
916125360,161601.6
921205070,303086.8
906340120,289848.6
905427030,208646.7
907187080,187251.0
528231030,188466.6
911370430,330957.6
923203100,192694.1
528366040,350661.0
902477130,55797.9
905101310,127206.4
528275070,232340.9
531380080,233936.2
903236010,126323.0
527163130,180777.4
909250030,70054.7
527105070,194619.8
907131120,210986.4
911175440,80420.4
535402120,173365.6
908250090,108867.7
527107130,174125.8
535476360,187021.3
535452090,127968.0
535456100,110851.3
903401070,164953.6
908154235,209813.4
909275080,204825.1
528458070,215175.9
906380100,239007.4
535404080,129846.6
902102080,110040.6
533254130,188393.8
528439040,224975.3
528290120,178787.6
905202190,234895.8
902329080,133111.3
905226130,146846.8
916382100,380276.5
903430090,117023.2
903230100,108321.5
916386020,179808.1
906223110,226477.2
910226040,147398.2
535125090,193074.9
528108040,412073.5
903481120,124567.5
908152080,140983.8
531375090,137511.0
533350050,296679.2
528456190,213389.0
527402060,150916.4
906402200,312050.4
903454090,141406.1
533352075,202602.4
528172060,246057.0
904100040,134467.9
533130130,362122.2
923230040,187802.9
903235020,86352.9
902406020,110021.5
903226170,117751.4
907175060,216433.2
528490080,207396.3
923251160,117871.7
527452100,133594.5
906204180,235512.3
527162180,179634.2
528118050,490195.3
905107220,171481.5
527212050,311690.5
906402060,249782.5
902206220,160962.1
528220040,176909.6
535402230,146715.8
905426010,242799.4
905352030,200104.6
906392070,194691.9
909275040,151692.0
909425130,194090.5
909101060,67508.9
905104240,108562.9
909475040,314973.3
527105130,264853.9
907200230,124005.6
528102110,434052.9
531475220,152155.4
907280040,225222.1
527276150,140902.2
908225180,97834.8
534431050,208585.4
909250060,169017.2
907410050,213555.3
534128020,194280.5
527358140,190044.8
909475230,244431.1
914476330,210037.8
905101450,142591.4
923252100,128542.6
533242080,193495.2
923228370,92989.9
909100150,108000.8
534425080,181796.9
909428120,228900.2
527108030,246636.4
923205015,180777.7
533208080,162128.0
526354020,192004.8
905101200,108278.5
905200260,164955.3
528228565,193530.1
534176140,156014.7
903231190,115006.6
910203020,96995.1
902400090,96746.2
528222010,266067.6
528102030,419889.2
909179020,197994.6
903427120,129853.9
907412040,186518.5
535353050,124988.5
904301410,124835.3
910200040,115791.3
905301050,301989.3
903457130,108661.5
909250230,151191.3
907194110,194227.9
527302110,213046.0
921205030,383184.8
528166120,429669.2
527146030,236510.7
535426350,149063.5
902206130,122989.7
907131190,214045.3
909254140,110301.4
905101100,94080.1
528376010,334401.5
902329030,174560.6
535304170,136056.5
907420050,184968.0
535380130,80022.3
528429060,258810.1
528240040,161436.8
909428110,165685.1
909275110,237987.7
534276010,119937.5
535425040,188198.4
902300215,143961.0
916460070,201948.3
528429100,284243.8
903206170,209776.8
907187040,235369.2
923227100,141892.3
903453080,202380.2
923225260,151401.8
533212130,147927.0
907180120,221794.9
902306130,160852.5
527254070,319057.1
904351040,66412.4
528390210,248112.0
909428190,232255.4
528363130,369432.4
904351280,132625.4
907262030,206414.0
923400025,175426.2
907295020,216177.6
914452090,171074.8
535152010,131371.5
909251030,138977.3
908228040,130714.2
528102090,356304.4
905478030,148818.7
535402180,118986.5
923202220,143396.2
535126010,199274.8
528482130,234484.0
909280030,245029.3
906380050,224828.8
909252110,173569.3
906380190,191646.0
534175100,150590.3
532476080,299897.4
903476090,131734.7
535452140,103768.4
527455030,136486.0
531452260,184007.7
531380110,201144.1
527110120,176829.1
535383110,105977.7
908152180,141045.7
908186080,140882.8
902106010,144009.4
527182020,167382.7
535403030,128535.4
923201020,156531.2
902110120,110654.7
533215020,251656.8
906225210,158382.4
533208090,191984.1
534400050,157873.0
534276290,104680.9
528445020,230937.0
534403410,165738.5
533238045,268042.1
908276230,114928.7
908203100,98304.1
531451280,189164.5
907180050,197755.2
534403050,139749.1
907410080,213015.3
527106010,224567.1
904302260,115680.8
528290190,162425.6
911370500,230598.8
528292060,229457.4
535457020,156547.1
907227060,120840.1
923275010,147298.2
528477020,249516.0
923204150,138778.5
528106120,252048.1
532479050,128993.7
905200100,127107.2
528176010,494799.0
906394050,176526.0
914478045,149871.0
902125080,111667.6
528102100,317861.0
527212030,552671.0
914452060,144127.6
902330040,167986.1
531453140,143946.4
907227030,135246.7
534250335,167412.7
534430090,124020.9
527108040,239842.8
909254070,199960.0
531363080,141263.8
903201080,170590.9
916382110,316584.7
534429030,103176.6
903475100,130268.3
534426040,145658.9
902328040,127992.6
528174080,186204.8
902400110,321613.4
923226150,146846.3
909277090,155040.8
907250050,311245.2
527254020,384090.3
909276010,191788.1
535455060,112573.5
903226060,170320.9
535325460,175561.0
533252020,164644.9
902103170,96428.4
905105040,115000.1
908128110,193311.3
907202080,128975.8
534127230,150137.6
905102060,135304.7
528482010,253275.5
534430110,138659.7
533352150,146574.3
916386140,201244.2
908188140,169864.4
531451030,179281.4
905200490,120698.0
535302200,122533.9
907414080,173588.8
533241010,200001.6
909256060,131607.6
527250040,132718.3
527165010,186336.6
902300020,184874.2
528222080,169618.1
907196020,204952.7
531371050,179878.3
534276160,120028.8
535150280,136125.7
528315070,285826.1
907412090,184880.4
909254050,184223.0
923229100,204790.6
528250030,214135.6
527353080,172064.2
908152110,152979.7
528429090,355508.5
533210060,158803.6
527225035,193764.4
